# Trigger LumiUnits Run Lumi Run Lumi Run Lumi ... etc, 
HLT_mb_mbts_L1MBTS_1              mb 313063 754.514 313067 318.33722 313100 1770.74588 313107 4232.1169 313136 3572.39 313187 910.322 313259 5006.459 313285 1567.0226 313295 4155.0896 313333 1126.405 313435 16327.52 313572 564.89 313574 2474.8326 313575 6160.79 313603 4476.80734 313629 2603.38066 313630 4058.1245 313688 3434.6028 313695 1349.79454 313833 1801.7844 313878 358.7394 313929 29.505 313935 3130.653 313984 191.8529 314014 1503.94843 314077 2530.2012 314105 1126.879 314112 2445.151 314157 2078.5194 314170 794.207
HLT_j15_ion_n320eta490_L1MBTS_1_1 ub 313063 8.22893 313067 3.5085297 313100 15.1466705 313107 10.030218 313136 11.430261 313187 3.101281 313259 9.858999 313285 5.1982592 313295 12.561192 313333 3.967254 313435 62.1781 313572 0 313574 0 313575 0 313603 0 313629 0 313630 0 313688 0 313695 0 313833 0 313878 0 313929 0 313935 0 313984 0 314014 0 314077 0 314105 0 314112 0 314157 0 314170 0
HLT_j25_ion_n320eta490_L1TE5      ub 313063 26.3325 313067 10.0955124 313100 43.5830272 313107 28.861422 313136 32.88912 313187 8.92348 313259 28.36808 313285 14.957312 313295 54.216715 313333 17.12331 313435 87.7073 313572 0 313574 0 313575 0 313603 0 313629 0 313630 0 313688 0 313695 0 313833 0 313878 0 313929 0 313935 0 313984 0 314014 0 314077 0 314105 0 314112 0 314157 0 314170 0
HLT_j30_ion_0eta490_L1TE10        ub 313063 4.54009 313067 1.9232967 313100 8.3117928 313107 5.5039665 313136 6.272898 313187 1.701932 313259 2.813693 313285 6.598949 313295 13.786001 313333 4.354007 313435 68.7217 313572 1.15945 313574 3.12143587 313575 13.917914 313603 12.7663744 313629 8.6612942 313630 10.4087501 313688 10.6834611 313695 5.0443144 313833 6.444742 313878 1.1709584 313929 0.193304 313935 11.51574 313984 1.262437 314014 5.9730024 314077 9.661462 314105 4.967693 314112 9.619344 314157 8.4961476 314170 3.229613
HLT_j35_ion_n320eta490_L1TE10     ub 313063 14.62921 313067 6.0513413 313100 26.1517577 313107 17.317336 313136 19.78375 313187 5.367617 313259 8.873966 313285 8.996976 313295 62.079158 313333 35.70286 313435 131.7216 313572 0 313574 0 313575 0 313603 0 313629 0 313630 0 313688 0 313695 0 313833 0 313878 0 313929 0 313935 0 313984 0 314014 0 314077 0 314105 0 314112 0 314157 0 314170 0
HLT_j40_ion_L1J5                  ub 313063 17.55505 313067 7.5407725 313100 32.5255606 313107 21.528532 313136 24.5271 313187 6.654503 313259 21.15729 313285 30.696676 313295 54.91628 313333 17.3415 313435 261.353 313572 4.44481 313574 13.436789 313575 55.46775 313603 50.8625282 313629 1.70042307 313630 2.0439809 313688 2.092367 313695 0.98785085 313833 1.2619271 313878 0.2328488 313929 0.0386001 313935 2.2614035 313984 0.2521769 314014 1.17502139 314077 1.8978922 314105 0.98068 314112 1.8916012 314157 1.6724568 314170 0.638807
HLT_j45_ion_n200eta320            ub 313063 0 313067 0 313100 0 313107 104.77137 313136 169.12439 313187 58.51518 313259 82.48134 313285 73.96779 313295 174.41001 313333 66.8523 313435 5.30728 313572 0.0886845 313574 18.390618 313575 122.25893 313603 141.699853 313629 5.4487977 313630 5.7813309 313688 6.4172445 313695 3.608159 313833 4.0994933 313878 1.531763 313929 0.439541 313935 8.8340142 313984 1.909082 314014 5.9679733 314077 8.267921 314105 5.265456 314112 8.526163 314157 7.961818 314170 3.981151
HLT_j45_ion_n320eta490            ub 313063 26.3325 313067 190.70146 313100 1117.34676 313107 579.4721 313136 1133.7105 313187 303.6532 313259 233.5081 313285 514.36201 313295 1242.5574 313333 280.4341 313435 266.584 313572 0 313574 0 313575 0 313603 0 313629 0 313630 0 313688 0 313695 0 313833 0 313878 0 313929 0 313935 0 313984 0 314014 0 314077 0 314105 0 314112 0 314157 0 314170 0
HLT_j50_ion_L1J10                 ub 313063 26.3325 313067 26.464571 313100 114.494099 313107 75.90401 313136 86.75263 313187 23.53347 313259 74.45611 313285 125.02894 313295 280.96286 313333 88.9879 313435 263.526 313572 5.23872 313574 69.212478 313575 282.13977 313603 259.721047 313629 7.5556301 313630 9.0799129 313688 9.2999431 313695 4.3900992 313833 5.6122557 313878 1.0296896 313929 0.17097 313935 10.0437008 313984 1.115482 314014 5.2104418 314077 8.426326 314105 4.342361 314112 8.394932 314157 7.4199158 314170 2.822811
HLT_j55_ion_n200eta320            ub 313063 0 313067 0 313100 0 313107 104.77137 313136 338.468 313187 114.6565 313259 166.8184 313285 147.15656 313295 351.3611 313333 133.1508 313435 10.61456 313572 0.177369 313574 36.773085 313575 247.88031 313603 285.474205 313629 10.9001326 313630 11.5640378 313688 12.8380164 313695 7.2190395 313833 8.201296 313878 3.064741 313929 0.87904 313935 17.672321 313984 3.81816 314014 11.9409742 314077 16.541781 314105 10.534361 314112 17.055255 314157 15.9252553 314170 7.965931
HLT_j55_ion_n320eta490            ub 313063 26.3325 313067 610.24461 313100 4181.51765 313107 1680.4687 313136 3418.917 313187 787.7241 313259 844.2978 313285 1645.1865 313295 3692.1266 313333 741.4374 313435 270.573 313572 0 313574 0 313575 0 313603 0 313629 0 313630 0 313688 0 313695 0 313833 0 313878 0 313929 0 313935 0 313984 0 314014 0 314077 0 314105 0 314112 0 314157 0 314170 0
HLT_j60_ion_L1J20                 ub 313063 26.3325 313067 48.326629 313100 208.362918 313107 192.0451 313136 157.22312 313187 42.66274 313259 135.6218 313285 126.21102 313295 345.63534 313333 109.189 313435 263.714 313572 5.32107 313574 91.94409 313575 348.8417 313603 348.8417 313629 10.859918 313630 13.051446 313688 13.36298 313695 6.3094652 313833 8.060286 313878 1.4875686 313929 0.246583 313935 14.444457 313984 1.610864 314014 7.5043244 314077 12.1169 314105 6.263964 314112 12.082612 314157 10.6825128 314170 4.080594
HLT_j65_ion_n200eta320            ub 313063 0 313067 0 313100 0 313107 55.28624 313136 1010.4271 313187 348.4507 313259 502.9442 313285 441.36023 313295 1043.77546 313333 398.2502 313435 31.6548 313572 0.532107 313574 107.86539 313575 738.0312 313603 852.50342 313629 32.6441598 313630 34.669362 313688 38.44305 313695 21.585425 313833 24.457855 313878 9.201111 313929 2.63709 313935 52.863315 313984 11.46294 314014 35.7456491 314077 49.49886 314105 31.54471 314112 51.08792 314157 47.715588 314170 23.93131
HLT_j65_ion_n320eta490            ub 313063 26.3325 313067 1111.5121 313100 9315.5703 313107 11651.262 313136 10117.033 313187 3474.096 313259 4978.746 313285 4427.9821 313295 8117.9512 313333 3393.49 313435 281.209 313572 0 313574 0 313575 0 313603 0 313629 0 313630 0 313688 0 313695 0 313833 0 313878 0 313929 0 313935 0 313984 0 314014 0 314077 0 314105 0 314112 0 314157 0 314170 0
HLT_j75_ion_L1J20                 ub 313063 26.3325 313067 158.78729 313100 684.932 313107 453.35644 313136 517.3841 313187 140.3643 313259 446.9027 313285 235.26231 313295 568.33328 313333 179.4918 313435 264.438 313572 5.32107 313574 151.19851 313575 574.3554 313603 526.762853 313629 17.8563796 313630 21.460128 313688 21.972628 313695 10.3737376 313833 13.252745 313878 2.445789 313929 0.405441 313935 23.74979 313984 2.648458 314014 12.3384161 314077 19.922354 314105 10.298774 314112 19.866034 314157 17.563795 314170 6.709252
HLT_j75_ion_n200eta320            ub 313063 0 313067 0 313100 0 313107 320.6612 313136 2023.409 313187 694.8182 313259 995.7504 313285 885.5976 313295 2092.8199 313333 798.979 313435 63.6874 313572 1.06421 313574 250.32339 313575 1473.7965 313603 1702.05875 313629 65.192013 313630 69.189605 313688 76.750396 313695 43.156156 313833 48.986195 313878 18.40031 313929 5.27417 313935 105.773068 313984 22.92075 314014 71.540608 314077 99.01031 314105 63.20314 314112 102.16434 314157 95.420483 314170 47.85396
HLT_j90_ion_L1J20                 ub 313063 0 313067 0 313100 0 313107 0 313136 0 313187 0 313259 0 313285 0 313295 0 313333 0 313435 0 313572 0 313574 0 313575 0 313603 0 313629 0 313630 0 313688 0 313695 0 313833 0 313878 0 313929 0 313935 0 313984 0 314014 0 314077 0 314105 0 314112 0 314157 0 314170 0
HLT_j100_ion_L1J20                ub 313063 26.3325 313067 1111.5121 313100 9315.5703 313107 11651.262 313136 10117.033 313187 3474.096 313259 4978.746 313285 4427.9821 313295 10464.1212 313333 3994.896 313435 318.437 313572 5.32107 313574 1251.6179 313575 7368.982 313603 8510.2927 313629 325.960263 313630 345.94865 313688 383.75211 313695 215.78023 313833 244.93035 313878 92.00122 313929 26.3709 313935 528.86619 313984 114.6039 314014 357.70244 314077 495.05167 314105 316.0157 314112 510.8223 314157 477.10259 314170 239.2693
HLT_j15_ion_p320eta490_L1MBTS_1_1 ub 313063 0 313067 0 313100 0 313107 0 313136 0 313187 0 313259 0 313285 0 313295 0 313333 0 313435 0 313572 0.967045 313574 3.0704827 313575 12.684563 313603 11.6347607 313629 7.8942015 313630 9.4875911 313688 9.7138498 313695 4.5864278 313833 5.8591502 313878 1.0814234 313929 0.17926 313935 10.5000856 313984 1.17105 314014 5.4562874 314077 8.812052 314105 4.553589 314112 8.783194 314157 7.7654072 314170 2.966428
HLT_j25_ion_p320eta490_L1TE5      ub 313063 0 313067 0 313100 0 313107 0 313136 0 313187 0 313259 0 313285 0 313295 0 313333 0 313435 0 313572 1.28909 313574 12.335477 313575 54.74535 313603 50.2148329 313629 34.072954 313630 40.949973 313688 41.926872 313695 19.7950103 313833 25.287794 313878 4.667525 313929 0.77366 313935 45.319441 313984 5.05437 314014 23.5498471 314077 38.03281 314105 19.65307 314112 37.90921 314157 33.515944 314170 12.80364
HLT_j35_ion_p320eta490_L1TE10     ub 313063 0 313067 0 313100 0 313107 0 313136 0 313187 0 313259 0 313285 0 313295 0 313333 0 313435 0 313572 1.77369 313574 29.6536653 313575 132.22016 313603 121.280582 313629 82.282325 313630 98.883129 313688 97.584902 313695 46.2299635 313833 61.347286 313878 2.659725 313929 0.405938 313935 92.531876 313984 2.651116 314014 39.520419 314077 74.99989 314105 27.88351 314112 70.30626 314157 58.910296 314170 11.523
HLT_j45_ion_p200eta320            ub 313063 0 313067 0 313100 0 313107 104.77137 313136 169.12439 313187 58.51518 313259 82.48134 313285 73.96779 313295 174.41001 313333 66.8523 313435 5.30728 313572 0.0886845 313574 18.390618 313575 122.25893 313603 141.699853 313629 108.931041 313630 115.622835 313688 128.229843 313695 72.135954 313833 81.93631 313878 30.4161 313929 8.74514 313935 176.35612 313984 38.0261 314014 118.99592 314077 165.05419 314105 104.73226 314112 170.28699 314157 159.073108 314170 79.29336
HLT_j45_ion_p320eta490            ub 313063 0 313067 0 313100 0 313107 0 313136 0 313187 0 313259 0 313285 0 313295 0 313333 0 313435 0 313572 5.32107 313574 295.11121 313575 1251.8481 313603 1149.18628 313629 36.442924 313630 43.803072 313688 44.839782 313695 21.1703426 313833 27.047335 313878 4.989646 313929 0.82758 313935 48.470696 313984 5.40842 314014 25.18273 314077 40.65709 314105 21.03008 314112 40.54297 314157 35.844845 314170 13.69096
HLT_j55_ion_p200eta320            ub 313063 0 313067 0 313100 0 313107 104.77137 313136 338.468 313187 114.6565 313259 166.8184 313285 147.15656 313295 351.3611 313333 133.1508 313435 10.61456 313572 0.177369 313574 36.773085 313575 247.88031 313603 285.474205 313629 10.9001326 313630 11.5640378 313688 12.8380164 313695 7.2190395 313833 8.201296 313878 3.064741 313929 0.87904 313935 17.672321 313984 3.81816 314014 11.9409742 314077 16.541781 314105 10.534361 314112 17.055255 314157 15.9252553 314170 7.965931
HLT_j55_ion_p320eta490            ub 313063 0 313067 0 313100 0 313107 0 313136 0 313187 0 313259 0 313285 0 313295 0 313333 0 313435 0 313572 5.32107 313574 979.67 313575 4288.342 313603 3578.91037 313629 114.836314 313630 131.197547 313688 135.42039 313695 61.110382 313833 84.50435 313878 4.586548 313929 0.711719 313935 127.93448 313984 4.65124 314014 44.827671 314077 102.73834 314105 26.9645 314112 97.84319 314157 79.0009 314170 15.02027
HLT_j65_ion_p200eta320            ub 313063 0 313067 0 313100 0 313107 55.28624 313136 1010.4271 313187 348.4507 313259 502.9442 313285 441.36023 313295 1043.77546 313333 398.2502 313435 31.6548 313572 0.532107 313574 107.86539 313575 738.0312 313603 852.50342 313629 32.6441598 313630 34.669362 313688 38.44305 313695 21.585425 313833 24.457855 313878 9.201111 313929 2.63709 313935 52.863315 313984 11.46294 314014 35.7456491 314077 49.49886 314105 31.54471 314112 51.08792 314157 47.715588 314170 23.93131
HLT_j65_ion_p320eta490            ub 313063 0 313067 0 313100 0 313107 0 313136 0 313187 0 313259 0 313285 0 313295 0 313333 0 313435 0 313572 5.32107 313574 1040.1026 313575 7222.872 313603 7722.4037 313629 280.674363 313630 293.87907 313688 333.72711 313695 190.049446 313833 234.54635 313878 13.336575 313929 2.04408 313935 352.83817 313984 13.31697 314014 175.361609 314077 301.45297 314105 121.9172 314112 285.5516 314157 248.0406 314170 47.3647
HLT_j75_ion_p200eta320            ub 313063 0 313067 0 313100 0 313107 320.6612 313136 2023.409 313187 694.8182 313259 995.7504 313285 885.5976 313295 2092.8199 313333 798.979 313435 63.6874 313572 1.06421 313574 250.32339 313575 1473.7965 313603 1702.05875 313629 65.192013 313630 69.189605 313688 76.750396 313695 43.156156 313833 48.986195 313878 18.40031 313929 5.27417 313935 105.773068 313984 22.92075 314014 71.540608 314077 99.01031 314105 63.20314 314112 102.16434 314157 95.420483 314170 47.85396
HLT_j15_p320eta490_L1MBTS_1_1     mb 313063 0 313067 0 313100 0 313107 0 313136 0 313187 0 313259 0 313285 0 313295 0 313333 0 313435 0 313572 0 313574 0 313575 0 313603 0 313629 5638.7237 313630 6776.8517 313688 6938.4662 313695 3276.023 313833 4185.1006 313878 772.4457 313929 128.043 313935 7500.0664 313984 836.465 314014 3897.3449 314077 6294.338 314105 3252.566 314112 6273.711 314157 5546.7206 314170 2118.877
HLT_j25_p320eta490_L1TE5          ub 313063 0 313067 0 313100 0 313107 0 313136 0 313187 0 313259 0 313285 0 313295 0 313333 0 313435 0 313572 0 313574 0 313575 0 313603 0 313629 28.3941243 313630 34.124945 313688 34.939045 313695 16.4958871 313833 21.073219 313878 3.889596 313929 0.644717 313935 37.766189 313984 4.21198 314014 19.6248624 314077 31.693984 314105 16.37759 314112 31.59102 314157 27.929922 314170 10.66968
HLT_j30_0eta490_L1TE10            ub 313063 0 313067 0 313100 0 313107 0 313136 0 313187 0 313259 0 313285 0 313295 0 313333 0 313435 0 313572 0 313574 0 313575 0 313603 0 313629 9.9135416 313630 11.9136241 313688 12.1987771 313695 5.7606007 313833 7.364056 313878 1.3521849 313929 0.225521 313935 13.1795178 313984 1.472842 314014 6.8309503 314077 11.055163 314105 5.710499 314112 11.016919 314157 9.7408134 314170 3.70124
HLT_j35_p320eta490_L1TE10         ub 313063 0 313067 0 313100 0 313107 0 313136 0 313187 0 313259 0 313285 0 313295 0 313333 0 313435 0 313572 0 313574 0 313575 0 313603 0 313629 74.802053 313630 89.893771 313688 89.039479 313695 42.1710235 313833 55.788765 313878 2.659725 313929 0.405938 313935 84.76019 313984 2.651116 314014 36.590917 314077 68.84003 314105 26.16357 314112 64.69895 314157 54.353636 314170 11.1955
HLT_j40_L1J5                      ub 313063 0 313067 0 313100 0 313107 0 313136 0 313187 0 313259 0 313285 0 313295 0 313333 0 313435 0 313572 0 313574 0 313575 0 313603 0 313629 42.356023 313630 50.913727 313688 52.118921 313695 24.6064587 313833 31.433446 313878 5.800038 313929 0.961492 313935 56.329393 313984 6.28149 314014 29.268662 314077 47.27476 314105 24.42788 314112 47.11807 314157 41.659329 314170 15.91211
HLT_j45_p200eta320                ub 313063 0 313067 0 313100 0 313107 2.3294 313136 0 313187 0 313259 0 313285 0 313295 0 313333 0 313435 0 313572 0 313574 0 313575 0 313603 0 313629 108.931041 313630 115.622835 313688 128.229843 313695 72.135954 313833 81.93631 313878 30.4161 313929 8.74514 313935 176.35612 313984 38.0261 314014 118.99592 314077 165.05419 314105 104.73226 314112 170.28699 314157 159.073108 314170 79.29336
HLT_j45_p320eta490                ub 313063 0 313067 0 313100 0 313107 0 313136 0 313187 0 313259 0 313285 0 313295 0 313333 0 313435 0 313572 0 313574 0 313575 0 313603 0 313629 774.9071 313630 933.54795 313688 955.91546 313695 452.06154 313833 577.82332 313878 91.73086 313929 14.2344 313935 1007.75653 313984 93.0248 314014 517.62321 314077 842.597 314105 413.0579 314112 831.6273 314157 727.60289 314170 265.9731
HLT_j50_L1J10                     ub 313063 0 313067 0 313100 0 313107 0 313136 0 313187 0 313259 0 313285 0 313295 0 313333 0 313435 0 313572 0 313574 0 313575 0 313603 23.6373 313629 198.245322 313630 238.23982 313688 244.01257 313695 115.187662 313833 147.25489 313878 27.01707 313929 4.4896 313935 263.52972 313984 29.27487 314014 136.721857 314077 221.10818 314105 113.9407 314112 220.273 314157 194.6895 314170 74.07269
HLT_j55_p200eta320                ub 313063 0 313067 0 313100 0 313107 3.10586 313136 0 313187 0 313259 0 313285 0 313295 0 313333 0 313435 0 313572 0 313574 0 313575 0 313603 0 313629 217.760492 313630 231.02469 313688 256.60675 313695 144.565534 313833 163.91097 313878 61.5716 313929 17.6413 313935 353.62813 313984 76.2975 314014 240.162218 314077 330.97481 314105 211.9749 314112 341.53587 314157 318.9441 314170 159.5941
HLT_j55_p320eta490                ub 313063 0 313067 0 313100 0 313107 0 313136 0 313187 0 313259 0 313285 0 313295 0 313333 0 313435 0 313572 0 313574 0 313575 0 313603 0 313629 2296.72593 313630 2623.9487 313688 2708.4081 313695 1222.20664 313833 1690.0865 313878 91.73086 313929 14.2344 313935 2558.691 313984 93.0248 314014 896.55431 314077 2054.7675 314105 539.2898 314112 1956.868 314157 1580.0181 314170 300.4064
HLT_j60                           ub 313063 0 313067 0 313100 0 313107 0 313136 0 313187 0 313259 0 313285 0 313295 0 313333 0 313435 0 313572 0 313574 0 313575 0 313603 46.0927 313629 277.407273 313630 333.48208 313688 341.42695 313695 160.996416 313833 205.84827 313878 37.97708 313929 6.29606 313935 368.86522 313984 41.1294 314014 191.432529 314077 309.32759 314105 159.8405 314112 308.4003 314157 272.63435 314170 104.1679
HLT_j65_p200eta320                ub 313063 0 313067 0 313100 0 313107 0.246595 313136 0 313187 0 313259 0 313285 0 313295 0 313333 0 313435 0 313572 0 313574 0 313575 0 313603 0 313629 649.90363 313630 691.44528 313688 769.0227 313695 430.30793 313833 489.43705 313878 187.4521 313929 52.7417 313935 1062.96066 313984 231.4497 314014 719.94559 314077 993.6782 314105 633.7964 314112 1026.8964 314157 959.1692 314170 485.4521
HLT_j65_p320eta490                ub 313063 0 313067 0 313100 0 313107 0 313136 0 313187 0 313259 0 313285 0 313295 0 313333 0 313435 0 313572 0 313574 0 313575 0 313603 0 313629 5613.4833 313630 5877.5727 313688 6674.5396 313695 3800.99992 313833 4690.9295 313878 266.7305 313929 40.8815 313935 7056.7548 313984 266.3399 314014 3507.2332 314077 6029.054 314105 2438.346 314112 5711.031 314157 4960.8113 314170 947.295
HLT_j75_L1J20                     ub 313063 0 313067 0 313100 0 313107 0 313136 0 313187 0 313259 0 313285 0 313295 0 313333 0 313435 0 313572 0 313574 25.14871 313575 0 313603 810.713 313629 3930.42685 313630 3565.80761 313688 4561.4196 313695 1870.77979 313833 1318.76022 313878 106.53846 313929 17.6165 313935 2324.78803 313984 115.1751 314014 536.43894 314077 1274.2333 314105 447.9573 314112 1186.153 314157 763.66159 314170 291.8693
HLT_j75_p200eta320                ub 313063 0 313067 0 313100 0 313107 1.43025 313136 0 313187 0 313259 0 313285 0 313295 0 313333 0 313435 0 313572 0 313574 0 313575 0 313603 0 313629 5788.2703 313630 6036.22 313688 6934.1696 313695 3913.8383 313833 4721.5795 313878 804.5823 313929 135.132 313935 8159.9198 313984 874.035 314014 4582.795 314077 7107.814 314105 3637.38 314112 7063.314 314157 6356.5513 314170 2127.773
HLT_j90_L1J20                     ub 313063 0 313067 0 313100 0 313107 0 313136 0 313187 0 313259 0 313285 0 313295 0 313333 0 313435 0 313572 0 313574 0 313575 0 313603 860.109 313629 6519.2013 313630 6918.9595 313688 7410.9896 313695 4202.9683 313833 4847.5295 313878 920.0122 313929 72.9031 313935 8117.0918 313984 483.186 314014 4599.9781 314077 7126.544 314105 3749.435 314112 7001.364 314157 6203.5523 314170 2153.636
HLT_j100_L1J20                    nb 313063 0 313067 0 313100 0 313107 0 313136 0 313187 3.177951 313259 4.978746 313285 4.4279821 313295 10.4641212 313333 3.994896 313435 0.318437 313572 0.00532107 313574 1.2516179 313575 7.368982 313603 8.5102927 313629 6.5192013 313630 6.9189595 313688 7.6750396 313695 4.3156156 313833 4.8986195 313878 1.840021 313929 0.527417 313935 10.5773078 313984 2.292075 314014 7.1540608 314077 9.901031 314105 6.320315 314112 10.216444 314157 9.5420493 314170 4.785396
