  [   2.5878e-02,  0.0000e+00,  0.0000e+00,  0.0000e+00,  0.0000e+00,  0.0000e+00,  0.0000e+00,  0.0000e+00,  0.0000e+00 ], ## bin  0 -4.5<eta<-4.4
  [   2.3606e-02,  0.0000e+00,  0.0000e+00,  0.0000e+00,  0.0000e+00,  0.0000e+00,  0.0000e+00,  0.0000e+00,  0.0000e+00 ], ## bin  1 -4.4<eta<-4.3
  [  -1.6612e+01,  6.7142e+00, -9.0067e-01,  4.0163e-02,  0.0000e+00,  0.0000e+00,  0.0000e+00,  0.0000e+00,  0.0000e+00 ], ## bin  2 -4.3<eta<-4.2
  [  -1.1864e+01,  4.7538e+00, -6.3186e-01,  2.7906e-02,  0.0000e+00,  0.0000e+00,  0.0000e+00,  0.0000e+00,  0.0000e+00 ], ## bin  3 -4.2<eta<-4.1
  [  -6.2412e+00,  2.5091e+00, -3.3433e-01,  1.4819e-02,  0.0000e+00,  0.0000e+00,  0.0000e+00,  0.0000e+00,  0.0000e+00 ], ## bin  4 -4.1<eta<-4.0
  [  -3.9143e-02,  8.4115e-03,  0.0000e+00,  0.0000e+00,  0.0000e+00,  0.0000e+00,  0.0000e+00,  0.0000e+00,  0.0000e+00 ], ## bin  5 -4.0<eta<-3.9
  [  -6.8338e+00,  2.8925e+00, -4.0439e-01,  1.8703e-02,  0.0000e+00,  0.0000e+00,  0.0000e+00,  0.0000e+00,  0.0000e+00 ], ## bin  6 -3.9<eta<-3.8
  [   2.3994e-01, -5.7850e-02,  3.5585e-03,  0.0000e+00,  0.0000e+00,  0.0000e+00,  0.0000e+00,  0.0000e+00,  0.0000e+00 ], ## bin  7 -3.8<eta<-3.7
  [  -1.6160e+00,  7.1211e-01, -1.0303e-01,  4.9064e-03,  0.0000e+00,  0.0000e+00,  0.0000e+00,  0.0000e+00,  0.0000e+00 ], ## bin  8 -3.7<eta<-3.6
  [  -3.7075e-03,  0.0000e+00,  0.0000e+00,  0.0000e+00,  0.0000e+00,  0.0000e+00,  0.0000e+00,  0.0000e+00,  0.0000e+00 ], ## bin  9 -3.6<eta<-3.5
  [  -6.4815e-01,  2.6817e-01, -3.7559e-02,  1.7451e-03,  0.0000e+00,  0.0000e+00,  0.0000e+00,  0.0000e+00,  0.0000e+00 ], ## bin 10 -3.5<eta<-3.4
  [  -1.2486e+00,  5.7547e-01, -8.7584e-02,  4.3781e-03,  0.0000e+00,  0.0000e+00,  0.0000e+00,  0.0000e+00,  0.0000e+00 ], ## bin 11 -3.4<eta<-3.3
  [  -7.7114e-01,  3.9094e-01, -6.2684e-02,  3.2353e-03,  0.0000e+00,  0.0000e+00,  0.0000e+00,  0.0000e+00,  0.0000e+00 ], ## bin 12 -3.3<eta<-3.2
  [  -1.0539e+00,  5.3574e-01, -8.5084e-02,  4.3687e-03,  0.0000e+00,  0.0000e+00,  0.0000e+00,  0.0000e+00,  0.0000e+00 ], ## bin 13 -3.2<eta<-3.1
  [  -1.1168e+00,  5.5448e-01, -8.6793e-02,  4.4014e-03,  0.0000e+00,  0.0000e+00,  0.0000e+00,  0.0000e+00,  0.0000e+00 ], ## bin 14 -3.1<eta<-3.0
  [  -3.0928e-01,  1.8160e-01, -3.0944e-02,  1.6572e-03,  0.0000e+00,  0.0000e+00,  0.0000e+00,  0.0000e+00,  0.0000e+00 ], ## bin 15 -3.0<eta<-2.9
  [  -3.8161e-01,  2.0565e-01, -3.3987e-02,  1.8159e-03,  0.0000e+00,  0.0000e+00,  0.0000e+00,  0.0000e+00,  0.0000e+00 ], ## bin 16 -2.9<eta<-2.8
  [  -2.1567e-01,  1.2993e-01, -2.2591e-02,  1.2246e-03,  0.0000e+00,  0.0000e+00,  0.0000e+00,  0.0000e+00,  0.0000e+00 ], ## bin 17 -2.8<eta<-2.7
  [  -2.0625e-01,  1.2855e-01, -2.3088e-02,  1.3099e-03,  0.0000e+00,  0.0000e+00,  0.0000e+00,  0.0000e+00,  0.0000e+00 ], ## bin 18 -2.7<eta<-2.6
  [  -4.7004e-01,  2.6386e-01, -4.6066e-02,  2.5537e-03,  0.0000e+00,  0.0000e+00,  0.0000e+00,  0.0000e+00,  0.0000e+00 ], ## bin 19 -2.6<eta<-2.5
  [   1.6276e-01, -4.3832e-02,  3.0093e-03,  0.0000e+00,  0.0000e+00,  0.0000e+00,  0.0000e+00,  0.0000e+00,  0.0000e+00 ], ## bin 20 -2.5<eta<-2.4
  [   8.7966e-02, -1.8739e-02,  9.4960e-04,  0.0000e+00,  0.0000e+00,  0.0000e+00,  0.0000e+00,  0.0000e+00,  0.0000e+00 ], ## bin 21 -2.4<eta<-2.3
  [   2.7569e-01, -1.0486e-01,  1.3469e-02, -5.7648e-04,  0.0000e+00,  0.0000e+00,  0.0000e+00,  0.0000e+00,  0.0000e+00 ], ## bin 22 -2.3<eta<-2.2
  [   9.5153e-02, -2.4069e-02,  1.5483e-03,  0.0000e+00,  0.0000e+00,  0.0000e+00,  0.0000e+00,  0.0000e+00,  0.0000e+00 ], ## bin 23 -2.2<eta<-2.1
  [   1.3523e-01, -3.7859e-02,  2.7068e-03,  0.0000e+00,  0.0000e+00,  0.0000e+00,  0.0000e+00,  0.0000e+00,  0.0000e+00 ], ## bin 24 -2.1<eta<-2.0
  [   9.5301e-02, -2.6369e-02,  1.8676e-03,  0.0000e+00,  0.0000e+00,  0.0000e+00,  0.0000e+00,  0.0000e+00,  0.0000e+00 ], ## bin 25 -2.0<eta<-1.9
  [  -3.6913e-02,  2.9135e-02, -5.9803e-03,  3.7102e-04,  0.0000e+00,  0.0000e+00,  0.0000e+00,  0.0000e+00,  0.0000e+00 ], ## bin 26 -1.9<eta<-1.8
  [  -8.8082e-02,  3.9519e-02, -5.7108e-03,  2.6925e-04,  0.0000e+00,  0.0000e+00,  0.0000e+00,  0.0000e+00,  0.0000e+00 ], ## bin 27 -1.8<eta<-1.7
  [  -2.6557e-01,  1.2480e-01, -1.8976e-02,  9.4999e-04,  0.0000e+00,  0.0000e+00,  0.0000e+00,  0.0000e+00,  0.0000e+00 ], ## bin 28 -1.7<eta<-1.6
  [  -2.4217e-01,  1.0985e-01, -1.6082e-02,  7.8278e-04,  0.0000e+00,  0.0000e+00,  0.0000e+00,  0.0000e+00,  0.0000e+00 ], ## bin 29 -1.6<eta<-1.5
  [  -2.0885e-01,  1.0431e-01, -1.6589e-02,  8.6912e-04,  0.0000e+00,  0.0000e+00,  0.0000e+00,  0.0000e+00,  0.0000e+00 ], ## bin 30 -1.5<eta<-1.4
  [  -1.2510e-01,  7.0514e-02, -1.1703e-02,  6.2476e-04,  0.0000e+00,  0.0000e+00,  0.0000e+00,  0.0000e+00,  0.0000e+00 ], ## bin 31 -1.4<eta<-1.3
  [   7.6458e-02, -2.6071e-02,  3.3765e-03, -1.5078e-04,  0.0000e+00,  0.0000e+00,  0.0000e+00,  0.0000e+00,  0.0000e+00 ], ## bin 32 -1.3<eta<-1.2
  [   7.2659e-02, -2.6814e-02,  3.7150e-03, -1.7615e-04,  0.0000e+00,  0.0000e+00,  0.0000e+00,  0.0000e+00,  0.0000e+00 ], ## bin 33 -1.2<eta<-1.1
  [   2.7383e-02, -6.0944e-03,  3.2502e-04,  0.0000e+00,  0.0000e+00,  0.0000e+00,  0.0000e+00,  0.0000e+00,  0.0000e+00 ], ## bin 34 -1.1<eta<-1.0
  [   5.1674e-02, -1.3783e-02,  8.7440e-04,  0.0000e+00,  0.0000e+00,  0.0000e+00,  0.0000e+00,  0.0000e+00,  0.0000e+00 ], ## bin 35 -1.0<eta<-0.9
  [   4.8585e-02, -1.2099e-02,  8.0005e-04,  0.0000e+00,  0.0000e+00,  0.0000e+00,  0.0000e+00,  0.0000e+00,  0.0000e+00 ], ## bin 36 -0.9<eta<-0.8
  [   5.5484e-02, -1.4159e-02,  1.0053e-03,  0.0000e+00,  0.0000e+00,  0.0000e+00,  0.0000e+00,  0.0000e+00,  0.0000e+00 ], ## bin 37 -0.8<eta<-0.7
  [   9.8718e-02, -3.9405e-02,  5.5935e-03, -2.6661e-04,  0.0000e+00,  0.0000e+00,  0.0000e+00,  0.0000e+00,  0.0000e+00 ], ## bin 38 -0.7<eta<-0.6
  [   3.1697e-02, -7.2949e-03,  4.8993e-04,  0.0000e+00,  0.0000e+00,  0.0000e+00,  0.0000e+00,  0.0000e+00,  0.0000e+00 ], ## bin 39 -0.6<eta<-0.5
  [   2.7382e-02, -6.9496e-03,  5.3549e-04,  0.0000e+00,  0.0000e+00,  0.0000e+00,  0.0000e+00,  0.0000e+00,  0.0000e+00 ], ## bin 40 -0.5<eta<-0.4
  [   1.9293e-02, -4.2968e-03,  2.9961e-04,  0.0000e+00,  0.0000e+00,  0.0000e+00,  0.0000e+00,  0.0000e+00,  0.0000e+00 ], ## bin 41 -0.4<eta<-0.3
  [   1.4233e-02, -3.0915e-03,  2.2913e-04,  0.0000e+00,  0.0000e+00,  0.0000e+00,  0.0000e+00,  0.0000e+00,  0.0000e+00 ], ## bin 42 -0.3<eta<-0.2
  [   4.8753e-03, -2.9259e-04,  0.0000e+00,  0.0000e+00,  0.0000e+00,  0.0000e+00,  0.0000e+00,  0.0000e+00,  0.0000e+00 ], ## bin 43 -0.2<eta<-0.1
  [   2.9674e-03,  0.0000e+00,  0.0000e+00,  0.0000e+00,  0.0000e+00,  0.0000e+00,  0.0000e+00,  0.0000e+00,  0.0000e+00 ], ## bin 44 -0.1<eta<-0.0
  [  -1.1284e-02,  7.3509e-03, -1.2568e-03,  6.5692e-05,  0.0000e+00,  0.0000e+00,  0.0000e+00,  0.0000e+00,  0.0000e+00 ], ## bin 45  0.0<eta< 0.1
  [  -5.4306e-03,  2.5557e-03, -2.1797e-04,  0.0000e+00,  0.0000e+00,  0.0000e+00,  0.0000e+00,  0.0000e+00,  0.0000e+00 ], ## bin 46  0.1<eta< 0.2
  [  -9.9239e-03,  3.4922e-03, -2.9191e-04,  0.0000e+00,  0.0000e+00,  0.0000e+00,  0.0000e+00,  0.0000e+00,  0.0000e+00 ], ## bin 47  0.2<eta< 0.3
  [  -2.4585e-02,  1.0036e-02, -1.2581e-03,  4.8053e-05,  0.0000e+00,  0.0000e+00,  0.0000e+00,  0.0000e+00,  0.0000e+00 ], ## bin 48  0.3<eta< 0.4
  [  -2.4434e-02,  7.6434e-03, -6.0643e-04,  0.0000e+00,  0.0000e+00,  0.0000e+00,  0.0000e+00,  0.0000e+00,  0.0000e+00 ], ## bin 49  0.4<eta< 0.5
  [  -2.9553e-02,  8.3798e-03, -6.1106e-04,  0.0000e+00,  0.0000e+00,  0.0000e+00,  0.0000e+00,  0.0000e+00,  0.0000e+00 ], ## bin 50  0.5<eta< 0.6
  [  -9.4599e-02,  3.8436e-02, -5.2307e-03,  2.3285e-04,  0.0000e+00,  0.0000e+00,  0.0000e+00,  0.0000e+00,  0.0000e+00 ], ## bin 51  0.6<eta< 0.7
  [  -4.9443e-02,  1.3865e-02, -1.0260e-03,  0.0000e+00,  0.0000e+00,  0.0000e+00,  0.0000e+00,  0.0000e+00,  0.0000e+00 ], ## bin 52  0.7<eta< 0.8
  [  -4.9748e-02,  1.3970e-02, -9.7719e-04,  0.0000e+00,  0.0000e+00,  0.0000e+00,  0.0000e+00,  0.0000e+00,  0.0000e+00 ], ## bin 53  0.8<eta< 0.9
  [  -4.9405e-02,  1.4873e-02, -1.0138e-03,  0.0000e+00,  0.0000e+00,  0.0000e+00,  0.0000e+00,  0.0000e+00,  0.0000e+00 ], ## bin 54  0.9<eta< 1.0
  [  -3.3793e-02,  1.0386e-02, -7.6283e-04,  0.0000e+00,  0.0000e+00,  0.0000e+00,  0.0000e+00,  0.0000e+00,  0.0000e+00 ], ## bin 55  1.0<eta< 1.1
  [  -3.7894e-02,  9.9049e-03, -7.2383e-04,  0.0000e+00,  0.0000e+00,  0.0000e+00,  0.0000e+00,  0.0000e+00,  0.0000e+00 ], ## bin 56  1.1<eta< 1.2
  [  -1.0513e-01,  4.3087e-02, -6.3740e-03,  3.2159e-04,  0.0000e+00,  0.0000e+00,  0.0000e+00,  0.0000e+00,  0.0000e+00 ], ## bin 57  1.2<eta< 1.3
  [   7.4458e-02, -4.6259e-02,  7.9836e-03, -4.3596e-04,  0.0000e+00,  0.0000e+00,  0.0000e+00,  0.0000e+00,  0.0000e+00 ], ## bin 58  1.3<eta< 1.4
  [   1.2889e-01, -6.7107e-02,  1.0765e-02, -5.5918e-04,  0.0000e+00,  0.0000e+00,  0.0000e+00,  0.0000e+00,  0.0000e+00 ], ## bin 59  1.4<eta< 1.5
  [   1.4005e-01, -6.6816e-02,  1.0071e-02, -5.0340e-04,  0.0000e+00,  0.0000e+00,  0.0000e+00,  0.0000e+00,  0.0000e+00 ], ## bin 60  1.5<eta< 1.6
  [   1.6233e-01, -7.7504e-02,  1.1741e-02, -5.8102e-04,  0.0000e+00,  0.0000e+00,  0.0000e+00,  0.0000e+00,  0.0000e+00 ], ## bin 61  1.6<eta< 1.7
  [   6.5320e-02, -3.3390e-02,  5.4650e-03, -2.9094e-04,  0.0000e+00,  0.0000e+00,  0.0000e+00,  0.0000e+00,  0.0000e+00 ], ## bin 62  1.7<eta< 1.8
  [  -4.6115e-02,  1.2344e-02, -8.3244e-04,  0.0000e+00,  0.0000e+00,  0.0000e+00,  0.0000e+00,  0.0000e+00,  0.0000e+00 ], ## bin 63  1.8<eta< 1.9
  [  -8.2338e-02,  2.2260e-02, -1.5033e-03,  0.0000e+00,  0.0000e+00,  0.0000e+00,  0.0000e+00,  0.0000e+00,  0.0000e+00 ], ## bin 64  1.9<eta< 2.0
  [  -1.7039e-01,  6.1106e-02, -7.3245e-03,  2.9387e-04,  0.0000e+00,  0.0000e+00,  0.0000e+00,  0.0000e+00,  0.0000e+00 ], ## bin 65  2.0<eta< 2.1
  [  -9.2445e-02,  2.4128e-02, -1.5826e-03,  0.0000e+00,  0.0000e+00,  0.0000e+00,  0.0000e+00,  0.0000e+00,  0.0000e+00 ], ## bin 66  2.1<eta< 2.2
  [  -2.6138e-01,  1.0034e-01, -1.2999e-02,  5.6634e-04,  0.0000e+00,  0.0000e+00,  0.0000e+00,  0.0000e+00,  0.0000e+00 ], ## bin 67  2.2<eta< 2.3
  [  -1.0476e-01,  2.5887e-02, -1.6185e-03,  0.0000e+00,  0.0000e+00,  0.0000e+00,  0.0000e+00,  0.0000e+00,  0.0000e+00 ], ## bin 68  2.3<eta< 2.4
  [  -3.0943e-01,  1.1594e-01, -1.4693e-02,  6.2895e-04,  0.0000e+00,  0.0000e+00,  0.0000e+00,  0.0000e+00,  0.0000e+00 ], ## bin 69  2.4<eta< 2.5
  [   2.3075e-01, -1.4247e-01,  2.6097e-02, -1.4845e-03,  0.0000e+00,  0.0000e+00,  0.0000e+00,  0.0000e+00,  0.0000e+00 ], ## bin 70  2.5<eta< 2.6
  [  -1.0238e-01,  2.4443e-02, -1.5944e-03,  0.0000e+00,  0.0000e+00,  0.0000e+00,  0.0000e+00,  0.0000e+00,  0.0000e+00 ], ## bin 71  2.6<eta< 2.7
  [   1.0472e-01, -7.7497e-02,  1.4650e-02, -8.3579e-04,  0.0000e+00,  0.0000e+00,  0.0000e+00,  0.0000e+00,  0.0000e+00 ], ## bin 72  2.7<eta< 2.8
  [  -9.9072e-02,  2.1270e-02, -1.2850e-03,  0.0000e+00,  0.0000e+00,  0.0000e+00,  0.0000e+00,  0.0000e+00,  0.0000e+00 ], ## bin 73  2.8<eta< 2.9
  [   2.9813e-01, -1.7483e-01,  2.9706e-02, -1.5797e-03,  0.0000e+00,  0.0000e+00,  0.0000e+00,  0.0000e+00,  0.0000e+00 ], ## bin 74  2.9<eta< 3.0
  [   8.8884e-01, -4.5315e-01,  7.2066e-02, -3.6955e-03,  0.0000e+00,  0.0000e+00,  0.0000e+00,  0.0000e+00,  0.0000e+00 ], ## bin 75  3.0<eta< 3.1
  [   1.4075e+00, -6.8483e-01,  1.0578e-01, -5.3056e-03,  0.0000e+00,  0.0000e+00,  0.0000e+00,  0.0000e+00,  0.0000e+00 ], ## bin 76  3.1<eta< 3.2
  [   1.1837e+00, -5.5541e-01,  8.3876e-02, -4.1023e-03,  0.0000e+00,  0.0000e+00,  0.0000e+00,  0.0000e+00,  0.0000e+00 ], ## bin 77  3.2<eta< 3.3
  [   9.9488e-01, -4.5038e-01,  6.7421e-02, -3.3027e-03,  0.0000e+00,  0.0000e+00,  0.0000e+00,  0.0000e+00,  0.0000e+00 ], ## bin 78  3.3<eta< 3.4
  [   2.5239e-02, -1.4635e-03,  0.0000e+00,  0.0000e+00,  0.0000e+00,  0.0000e+00,  0.0000e+00,  0.0000e+00,  0.0000e+00 ], ## bin 79  3.4<eta< 3.5
  [   8.1515e-03, -4.4556e-04,  0.0000e+00,  0.0000e+00,  0.0000e+00,  0.0000e+00,  0.0000e+00,  0.0000e+00,  0.0000e+00 ], ## bin 80  3.5<eta< 3.6
  [  -7.2512e-02,  1.5167e-02, -7.3579e-04,  0.0000e+00,  0.0000e+00,  0.0000e+00,  0.0000e+00,  0.0000e+00,  0.0000e+00 ], ## bin 81  3.6<eta< 3.7
  [  -2.2298e-01,  4.9883e-02, -2.7626e-03,  0.0000e+00,  0.0000e+00,  0.0000e+00,  0.0000e+00,  0.0000e+00,  0.0000e+00 ], ## bin 82  3.7<eta< 3.8
  [   8.6542e+00, -3.7071e+00,  5.2539e-01, -2.4673e-02,  0.0000e+00,  0.0000e+00,  0.0000e+00,  0.0000e+00,  0.0000e+00 ], ## bin 83  3.8<eta< 3.9
  [   9.2684e+00, -3.9382e+00,  5.5439e-01, -2.5890e-02,  0.0000e+00,  0.0000e+00,  0.0000e+00,  0.0000e+00,  0.0000e+00 ], ## bin 84  3.9<eta< 4.0
  [   2.0717e+01, -8.7172e+00,  1.2180e+00, -5.6553e-02,  0.0000e+00,  0.0000e+00,  0.0000e+00,  0.0000e+00,  0.0000e+00 ], ## bin 85  4.0<eta< 4.1
  [   2.2149e+01, -9.1797e+00,  1.2637e+00, -5.7822e-02,  0.0000e+00,  0.0000e+00,  0.0000e+00,  0.0000e+00,  0.0000e+00 ], ## bin 86  4.1<eta< 4.2
  [   1.7914e+01, -7.2864e+00,  9.8379e-01, -4.4151e-02,  0.0000e+00,  0.0000e+00,  0.0000e+00,  0.0000e+00,  0.0000e+00 ], ## bin 87  4.2<eta< 4.3
  [   6.6387e-01, -1.9497e-01,  1.3766e-02,  0.0000e+00,  0.0000e+00,  0.0000e+00,  0.0000e+00,  0.0000e+00,  0.0000e+00 ], ## bin 88  4.3<eta< 4.4
  [   5.5046e-01, -1.6490e-01,  1.1719e-02,  0.0000e+00,  0.0000e+00,  0.0000e+00,  0.0000e+00,  0.0000e+00,  0.0000e+00 ]  ## bin 89  4.4<eta< 4.5
