  [  -7.4837e-01,  2.2282e-01, -1.5878e-02,  0.0000e+00,  0.0000e+00,  0.0000e+00,  0.0000e+00,  0.0000e+00,  0.0000e+00 ], ## bin  0 -4.5<eta<-4.4
  [  -1.1390e+00,  3.2386e-01, -2.2386e-02,  0.0000e+00,  0.0000e+00,  0.0000e+00,  0.0000e+00,  0.0000e+00,  0.0000e+00 ], ## bin  1 -4.4<eta<-4.3
  [  -2.8954e+01,  1.1870e+01, -1.6165e+00,  7.3183e-02,  0.0000e+00,  0.0000e+00,  0.0000e+00,  0.0000e+00,  0.0000e+00 ], ## bin  2 -4.3<eta<-4.2
  [  -2.2716e+01,  9.3938e+00, -1.2902e+00,  5.8894e-02,  0.0000e+00,  0.0000e+00,  0.0000e+00,  0.0000e+00,  0.0000e+00 ], ## bin  3 -4.2<eta<-4.1
  [  -1.5712e+01,  6.5916e+00, -9.1764e-01,  4.2436e-02,  0.0000e+00,  0.0000e+00,  0.0000e+00,  0.0000e+00,  0.0000e+00 ], ## bin  4 -4.1<eta<-4.0
  [  -9.6818e+00,  4.1012e+00, -5.7522e-01,  2.6754e-02,  0.0000e+00,  0.0000e+00,  0.0000e+00,  0.0000e+00,  0.0000e+00 ], ## bin  5 -4.0<eta<-3.9
  [  -9.0253e+00,  3.8646e+00, -5.4716e-01,  2.5663e-02,  0.0000e+00,  0.0000e+00,  0.0000e+00,  0.0000e+00,  0.0000e+00 ], ## bin  6 -3.9<eta<-3.8
  [  -1.6769e+00,  7.4818e-01, -1.0800e-01,  5.0888e-03,  0.0000e+00,  0.0000e+00,  0.0000e+00,  0.0000e+00,  0.0000e+00 ], ## bin  7 -3.8<eta<-3.7
  [  -6.7715e-01,  3.1285e-01, -4.6596e-02,  2.2616e-03,  0.0000e+00,  0.0000e+00,  0.0000e+00,  0.0000e+00,  0.0000e+00 ], ## bin  8 -3.7<eta<-3.6
  [  -5.6288e-01,  2.4742e-01, -3.6173e-02,  1.7505e-03,  0.0000e+00,  0.0000e+00,  0.0000e+00,  0.0000e+00,  0.0000e+00 ], ## bin  9 -3.6<eta<-3.5
  [  -2.3952e-02,  1.6082e-03,  0.0000e+00,  0.0000e+00,  0.0000e+00,  0.0000e+00,  0.0000e+00,  0.0000e+00,  0.0000e+00 ], ## bin 10 -3.5<eta<-3.4
  [  -1.4487e+00,  6.5643e-01, -9.7888e-02,  4.7861e-03,  0.0000e+00,  0.0000e+00,  0.0000e+00,  0.0000e+00,  0.0000e+00 ], ## bin 11 -3.4<eta<-3.3
  [  -1.0540e+00,  5.0276e-01, -7.6418e-02,  3.7488e-03,  0.0000e+00,  0.0000e+00,  0.0000e+00,  0.0000e+00,  0.0000e+00 ], ## bin 12 -3.3<eta<-3.2
  [  -1.5983e+00,  7.8102e-01, -1.2099e-01,  6.0859e-03,  0.0000e+00,  0.0000e+00,  0.0000e+00,  0.0000e+00,  0.0000e+00 ], ## bin 13 -3.2<eta<-3.1
  [  -1.2809e+00,  6.4329e-01, -1.0206e-01,  5.2562e-03,  0.0000e+00,  0.0000e+00,  0.0000e+00,  0.0000e+00,  0.0000e+00 ], ## bin 14 -3.1<eta<-3.0
  [  -2.9561e-01,  1.7858e-01, -3.0619e-02,  1.6361e-03,  0.0000e+00,  0.0000e+00,  0.0000e+00,  0.0000e+00,  0.0000e+00 ], ## bin 15 -3.0<eta<-2.9
  [   1.1212e-01, -2.4373e-02,  1.5314e-03,  0.0000e+00,  0.0000e+00,  0.0000e+00,  0.0000e+00,  0.0000e+00,  0.0000e+00 ], ## bin 16 -2.9<eta<-2.8
  [  -3.4658e-01,  1.9586e-01, -3.3445e-02,  1.8148e-03,  0.0000e+00,  0.0000e+00,  0.0000e+00,  0.0000e+00,  0.0000e+00 ], ## bin 17 -2.8<eta<-2.7
  [   1.0608e-01, -2.4245e-02,  1.5725e-03,  0.0000e+00,  0.0000e+00,  0.0000e+00,  0.0000e+00,  0.0000e+00,  0.0000e+00 ], ## bin 18 -2.7<eta<-2.6
  [   1.4232e-01, -3.4720e-02,  2.0411e-03,  0.0000e+00,  0.0000e+00,  0.0000e+00,  0.0000e+00,  0.0000e+00,  0.0000e+00 ], ## bin 19 -2.6<eta<-2.5
  [   3.1698e-01, -1.1455e-01,  1.3953e-02, -5.6925e-04,  0.0000e+00,  0.0000e+00,  0.0000e+00,  0.0000e+00,  0.0000e+00 ], ## bin 20 -2.5<eta<-2.4
  [   1.2570e-01, -3.1053e-02,  1.9722e-03,  0.0000e+00,  0.0000e+00,  0.0000e+00,  0.0000e+00,  0.0000e+00,  0.0000e+00 ], ## bin 21 -2.4<eta<-2.3
  [   3.2854e-01, -1.2917e-01,  1.7345e-02, -7.8813e-04,  0.0000e+00,  0.0000e+00,  0.0000e+00,  0.0000e+00,  0.0000e+00 ], ## bin 22 -2.3<eta<-2.2
  [   9.8615e-02, -2.4717e-02,  1.5831e-03,  0.0000e+00,  0.0000e+00,  0.0000e+00,  0.0000e+00,  0.0000e+00,  0.0000e+00 ], ## bin 23 -2.2<eta<-2.1
  [   2.1747e-01, -7.9508e-02,  9.8465e-03, -4.0967e-04,  0.0000e+00,  0.0000e+00,  0.0000e+00,  0.0000e+00,  0.0000e+00 ], ## bin 24 -2.1<eta<-2.0
  [   8.8448e-02, -2.3290e-02,  1.5654e-03,  0.0000e+00,  0.0000e+00,  0.0000e+00,  0.0000e+00,  0.0000e+00,  0.0000e+00 ], ## bin 25 -2.0<eta<-1.9
  [   3.4237e-02, -8.0872e-03,  4.9803e-04,  0.0000e+00,  0.0000e+00,  0.0000e+00,  0.0000e+00,  0.0000e+00,  0.0000e+00 ], ## bin 26 -1.9<eta<-1.8
  [  -1.0003e-01,  4.7821e-02, -7.3775e-03,  3.7421e-04,  0.0000e+00,  0.0000e+00,  0.0000e+00,  0.0000e+00,  0.0000e+00 ], ## bin 27 -1.8<eta<-1.7
  [  -2.3167e-01,  1.0877e-01, -1.6438e-02,  8.1851e-04,  0.0000e+00,  0.0000e+00,  0.0000e+00,  0.0000e+00,  0.0000e+00 ], ## bin 28 -1.7<eta<-1.6
  [  -2.2306e-01,  1.0153e-01, -1.4890e-02,  7.2798e-04,  0.0000e+00,  0.0000e+00,  0.0000e+00,  0.0000e+00,  0.0000e+00 ], ## bin 29 -1.6<eta<-1.5
  [  -1.6986e-01,  8.4378e-02, -1.3116e-02,  6.6607e-04,  0.0000e+00,  0.0000e+00,  0.0000e+00,  0.0000e+00,  0.0000e+00 ], ## bin 30 -1.5<eta<-1.4
  [  -9.3927e-02,  5.6395e-02, -9.6424e-03,  5.3040e-04,  0.0000e+00,  0.0000e+00,  0.0000e+00,  0.0000e+00,  0.0000e+00 ], ## bin 31 -1.4<eta<-1.3
  [   1.1438e-01, -4.5081e-02,  6.5522e-03, -3.2542e-04,  0.0000e+00,  0.0000e+00,  0.0000e+00,  0.0000e+00,  0.0000e+00 ], ## bin 32 -1.3<eta<-1.2
  [   4.9946e-02, -1.2583e-02,  9.2343e-04,  0.0000e+00,  0.0000e+00,  0.0000e+00,  0.0000e+00,  0.0000e+00,  0.0000e+00 ], ## bin 33 -1.2<eta<-1.1
  [   4.8354e-02, -1.3682e-02,  1.0045e-03,  0.0000e+00,  0.0000e+00,  0.0000e+00,  0.0000e+00,  0.0000e+00,  0.0000e+00 ], ## bin 34 -1.1<eta<-1.0
  [   5.4807e-02, -1.4928e-02,  9.9041e-04,  0.0000e+00,  0.0000e+00,  0.0000e+00,  0.0000e+00,  0.0000e+00,  0.0000e+00 ], ## bin 35 -1.0<eta<-0.9
  [   5.7119e-02, -1.4953e-02,  1.0449e-03,  0.0000e+00,  0.0000e+00,  0.0000e+00,  0.0000e+00,  0.0000e+00,  0.0000e+00 ], ## bin 36 -0.9<eta<-0.8
  [   5.8009e-02, -1.4889e-02,  1.0679e-03,  0.0000e+00,  0.0000e+00,  0.0000e+00,  0.0000e+00,  0.0000e+00,  0.0000e+00 ], ## bin 37 -0.8<eta<-0.7
  [   1.0147e-01, -3.9635e-02,  5.4643e-03, -2.4954e-04,  0.0000e+00,  0.0000e+00,  0.0000e+00,  0.0000e+00,  0.0000e+00 ], ## bin 38 -0.7<eta<-0.6
  [   3.7563e-02, -9.3917e-03,  6.8749e-04,  0.0000e+00,  0.0000e+00,  0.0000e+00,  0.0000e+00,  0.0000e+00,  0.0000e+00 ], ## bin 39 -0.6<eta<-0.5
  [   2.9710e-02, -7.7266e-03,  6.1283e-04,  0.0000e+00,  0.0000e+00,  0.0000e+00,  0.0000e+00,  0.0000e+00,  0.0000e+00 ], ## bin 40 -0.5<eta<-0.4
  [   2.4577e-02, -6.4079e-03,  5.0973e-04,  0.0000e+00,  0.0000e+00,  0.0000e+00,  0.0000e+00,  0.0000e+00,  0.0000e+00 ], ## bin 41 -0.4<eta<-0.3
  [   1.7356e-02, -4.2975e-03,  3.5856e-04,  0.0000e+00,  0.0000e+00,  0.0000e+00,  0.0000e+00,  0.0000e+00,  0.0000e+00 ], ## bin 42 -0.3<eta<-0.2
  [   1.3646e-02, -3.4943e-03,  2.9063e-04,  0.0000e+00,  0.0000e+00,  0.0000e+00,  0.0000e+00,  0.0000e+00,  0.0000e+00 ], ## bin 43 -0.2<eta<-0.1
  [   4.9269e-03, -9.4716e-04,  1.1111e-04,  0.0000e+00,  0.0000e+00,  0.0000e+00,  0.0000e+00,  0.0000e+00,  0.0000e+00 ], ## bin 44 -0.1<eta<-0.0
  [  -9.6816e-03,  6.7103e-03, -1.2196e-03,  7.2028e-05,  0.0000e+00,  0.0000e+00,  0.0000e+00,  0.0000e+00,  0.0000e+00 ], ## bin 45  0.0<eta< 0.1
  [  -5.4045e-03,  2.3563e-03, -1.7320e-04,  0.0000e+00,  0.0000e+00,  0.0000e+00,  0.0000e+00,  0.0000e+00,  0.0000e+00 ], ## bin 46  0.1<eta< 0.2
  [  -2.6668e-02,  1.3590e-02, -2.1792e-03,  1.1489e-04,  0.0000e+00,  0.0000e+00,  0.0000e+00,  0.0000e+00,  0.0000e+00 ], ## bin 47  0.2<eta< 0.3
  [  -3.2222e-02,  1.4585e-02, -2.1377e-03,  1.0537e-04,  0.0000e+00,  0.0000e+00,  0.0000e+00,  0.0000e+00,  0.0000e+00 ], ## bin 48  0.3<eta< 0.4
  [  -1.9597e-02,  5.8078e-03, -4.2872e-04,  0.0000e+00,  0.0000e+00,  0.0000e+00,  0.0000e+00,  0.0000e+00,  0.0000e+00 ], ## bin 49  0.4<eta< 0.5
  [  -3.0443e-02,  8.5222e-03, -5.9605e-04,  0.0000e+00,  0.0000e+00,  0.0000e+00,  0.0000e+00,  0.0000e+00,  0.0000e+00 ], ## bin 50  0.5<eta< 0.6
  [  -1.0792e-01,  4.7098e-02, -7.0073e-03,  3.4988e-04,  0.0000e+00,  0.0000e+00,  0.0000e+00,  0.0000e+00,  0.0000e+00 ], ## bin 51  0.6<eta< 0.7
  [  -7.6766e-02,  2.8059e-02, -3.4594e-03,  1.4013e-04,  0.0000e+00,  0.0000e+00,  0.0000e+00,  0.0000e+00,  0.0000e+00 ], ## bin 52  0.7<eta< 0.8
  [  -4.7273e-02,  1.3151e-02, -9.0606e-04,  0.0000e+00,  0.0000e+00,  0.0000e+00,  0.0000e+00,  0.0000e+00,  0.0000e+00 ], ## bin 53  0.8<eta< 0.9
  [  -7.3284e-02,  2.8233e-02, -3.5103e-03,  1.5465e-04,  0.0000e+00,  0.0000e+00,  0.0000e+00,  0.0000e+00,  0.0000e+00 ], ## bin 54  0.9<eta< 1.0
  [  -3.4628e-02,  1.0415e-02, -7.3759e-04,  0.0000e+00,  0.0000e+00,  0.0000e+00,  0.0000e+00,  0.0000e+00,  0.0000e+00 ], ## bin 55  1.0<eta< 1.1
  [  -5.1381e-02,  1.4768e-02, -1.1415e-03,  0.0000e+00,  0.0000e+00,  0.0000e+00,  0.0000e+00,  0.0000e+00,  0.0000e+00 ], ## bin 56  1.1<eta< 1.2
  [  -5.3349e-02,  1.7146e-02, -1.9568e-03,  7.3267e-05,  0.0000e+00,  0.0000e+00,  0.0000e+00,  0.0000e+00,  0.0000e+00 ], ## bin 57  1.2<eta< 1.3
  [   1.1797e-01, -6.2310e-02,  9.8625e-03, -4.9687e-04,  0.0000e+00,  0.0000e+00,  0.0000e+00,  0.0000e+00,  0.0000e+00 ], ## bin 58  1.3<eta< 1.4
  [   1.6410e-01, -7.9273e-02,  1.2166e-02, -6.0884e-04,  0.0000e+00,  0.0000e+00,  0.0000e+00,  0.0000e+00,  0.0000e+00 ], ## bin 59  1.4<eta< 1.5
  [   2.4373e-01, -1.1312e-01,  1.7212e-02, -8.7450e-04,  0.0000e+00,  0.0000e+00,  0.0000e+00,  0.0000e+00,  0.0000e+00 ], ## bin 60  1.5<eta< 1.6
  [   2.3919e-01, -1.1220e-01,  1.7200e-02, -8.7148e-04,  0.0000e+00,  0.0000e+00,  0.0000e+00,  0.0000e+00,  0.0000e+00 ], ## bin 61  1.6<eta< 1.7
  [   9.4614e-02, -4.2412e-02,  6.2966e-03, -3.0638e-04,  0.0000e+00,  0.0000e+00,  0.0000e+00,  0.0000e+00,  0.0000e+00 ], ## bin 62  1.7<eta< 1.8
  [  -3.2797e-02,  8.8036e-03, -5.6850e-04,  0.0000e+00,  0.0000e+00,  0.0000e+00,  0.0000e+00,  0.0000e+00,  0.0000e+00 ], ## bin 63  1.8<eta< 1.9
  [  -8.5567e-02,  2.3593e-02, -1.6036e-03,  0.0000e+00,  0.0000e+00,  0.0000e+00,  0.0000e+00,  0.0000e+00,  0.0000e+00 ], ## bin 64  1.9<eta< 2.0
  [  -2.3242e-01,  8.8928e-02, -1.1391e-02,  4.9038e-04,  0.0000e+00,  0.0000e+00,  0.0000e+00,  0.0000e+00,  0.0000e+00 ], ## bin 65  2.0<eta< 2.1
  [  -1.0858e-01,  2.9158e-02, -1.9397e-03,  0.0000e+00,  0.0000e+00,  0.0000e+00,  0.0000e+00,  0.0000e+00,  0.0000e+00 ], ## bin 66  2.1<eta< 2.2
  [  -1.7023e-01,  4.9250e-02, -3.5990e-03,  0.0000e+00,  0.0000e+00,  0.0000e+00,  0.0000e+00,  0.0000e+00,  0.0000e+00 ], ## bin 67  2.2<eta< 2.3
  [  -1.4723e-01,  3.9441e-02, -2.6654e-03,  0.0000e+00,  0.0000e+00,  0.0000e+00,  0.0000e+00,  0.0000e+00,  0.0000e+00 ], ## bin 68  2.3<eta< 2.4
  [  -1.8383e-01,  5.0541e-02, -3.4626e-03,  0.0000e+00,  0.0000e+00,  0.0000e+00,  0.0000e+00,  0.0000e+00,  0.0000e+00 ], ## bin 69  2.4<eta< 2.5
  [   4.2165e-01, -2.4081e-01,  4.2453e-02, -2.3581e-03,  0.0000e+00,  0.0000e+00,  0.0000e+00,  0.0000e+00,  0.0000e+00 ], ## bin 70  2.5<eta< 2.6
  [   1.9750e-01, -1.2071e-01,  2.1456e-02, -1.2038e-03,  0.0000e+00,  0.0000e+00,  0.0000e+00,  0.0000e+00,  0.0000e+00 ], ## bin 71  2.6<eta< 2.7
  [   3.8726e-01, -2.1305e-01,  3.5940e-02, -1.9227e-03,  0.0000e+00,  0.0000e+00,  0.0000e+00,  0.0000e+00,  0.0000e+00 ], ## bin 72  2.7<eta< 2.8
  [   9.2372e-02, -7.1040e-02,  1.3350e-02, -7.6263e-04,  0.0000e+00,  0.0000e+00,  0.0000e+00,  0.0000e+00,  0.0000e+00 ], ## bin 73  2.8<eta< 2.9
  [   2.3210e-01, -1.5319e-01,  2.7802e-02, -1.5540e-03,  0.0000e+00,  0.0000e+00,  0.0000e+00,  0.0000e+00,  0.0000e+00 ], ## bin 74  2.9<eta< 3.0
  [   8.8944e-01, -4.5315e-01,  7.1940e-02, -3.6789e-03,  0.0000e+00,  0.0000e+00,  0.0000e+00,  0.0000e+00,  0.0000e+00 ], ## bin 75  3.0<eta< 3.1
  [   1.5451e+00, -7.6622e-01,  1.2089e-01, -6.2067e-03,  0.0000e+00,  0.0000e+00,  0.0000e+00,  0.0000e+00,  0.0000e+00 ], ## bin 76  3.1<eta< 3.2
  [   1.1061e+00, -5.4511e-01,  8.6255e-02, -4.4247e-03,  0.0000e+00,  0.0000e+00,  0.0000e+00,  0.0000e+00,  0.0000e+00 ], ## bin 77  3.2<eta< 3.3
  [   1.2653e+00, -5.7959e-01,  8.7549e-02, -4.3289e-03,  0.0000e+00,  0.0000e+00,  0.0000e+00,  0.0000e+00,  0.0000e+00 ], ## bin 78  3.3<eta< 3.4
  [   1.4515e-02,  0.0000e+00,  0.0000e+00,  0.0000e+00,  0.0000e+00,  0.0000e+00,  0.0000e+00,  0.0000e+00,  0.0000e+00 ], ## bin 79  3.4<eta< 3.5
  [   1.3192e-02, -1.2410e-03,  0.0000e+00,  0.0000e+00,  0.0000e+00,  0.0000e+00,  0.0000e+00,  0.0000e+00,  0.0000e+00 ], ## bin 80  3.5<eta< 3.6
  [   1.6379e+00, -7.2733e-01,  1.0610e-01, -5.0944e-03,  0.0000e+00,  0.0000e+00,  0.0000e+00,  0.0000e+00,  0.0000e+00 ], ## bin 81  3.6<eta< 3.7
  [   1.1139e+00, -5.2356e-01,  7.9218e-02, -3.9014e-03,  0.0000e+00,  0.0000e+00,  0.0000e+00,  0.0000e+00,  0.0000e+00 ], ## bin 82  3.7<eta< 3.8
  [   6.5555e+00, -2.7938e+00,  3.9345e-01, -1.8341e-02,  0.0000e+00,  0.0000e+00,  0.0000e+00,  0.0000e+00,  0.0000e+00 ], ## bin 83  3.8<eta< 3.9
  [   6.6336e+00, -2.7762e+00,  3.8423e-01, -1.7612e-02,  0.0000e+00,  0.0000e+00,  0.0000e+00,  0.0000e+00,  0.0000e+00 ], ## bin 84  3.9<eta< 4.0
  [   1.0772e+01, -4.3960e+00,  5.9471e-01, -2.6710e-02,  0.0000e+00,  0.0000e+00,  0.0000e+00,  0.0000e+00,  0.0000e+00 ], ## bin 85  4.0<eta< 4.1
  [   1.5282e+01, -6.2190e+00,  8.4006e-01, -3.7709e-02,  0.0000e+00,  0.0000e+00,  0.0000e+00,  0.0000e+00,  0.0000e+00 ], ## bin 86  4.1<eta< 4.2
  [   1.5673e+01, -6.3231e+00,  8.4669e-01, -3.7691e-02,  0.0000e+00,  0.0000e+00,  0.0000e+00,  0.0000e+00,  0.0000e+00 ], ## bin 87  4.2<eta< 4.3
  [  -2.3455e-02,  0.0000e+00,  0.0000e+00,  0.0000e+00,  0.0000e+00,  0.0000e+00,  0.0000e+00,  0.0000e+00,  0.0000e+00 ], ## bin 88  4.3<eta< 4.4
  [  -1.0343e+00,  2.5791e-01, -1.6173e-02,  0.0000e+00,  0.0000e+00,  0.0000e+00,  0.0000e+00,  0.0000e+00,  0.0000e+00 ]  ## bin 89  4.4<eta< 4.5
